0.00000000000000 - 17.3611111111111i	0.00000000000000 + 0.00000000000000i	0.00000000000000 + 0.00000000000000i	-0.00000000000000 + 17.3611111111111i	0.00000000000000 + 0.00000000000000i	0.00000000000000 + 0.00000000000000i	0.00000000000000 + 0.00000000000000i	0.00000000000000 + 0.00000000000000i	0.00000000000000 + 0.00000000000000i
0.00000000000000 + 0.00000000000000i	0.00000000000000 - 16.0000000000000i	0.00000000000000 + 0.00000000000000i	0.00000000000000 + 0.00000000000000i	0.00000000000000 + 0.00000000000000i	0.00000000000000 + 0.00000000000000i	-0.00000000000000 + 16.0000000000000i	0.00000000000000 + 0.00000000000000i	0.00000000000000 + 0.00000000000000i
0.00000000000000 + 0.00000000000000i	0.00000000000000 + 0.00000000000000i	0.00000000000000 - 17.0648464163823i	0.00000000000000 + 0.00000000000000i	0.00000000000000 + 0.00000000000000i	0.00000000000000 + 0.00000000000000i	0.00000000000000 + 0.00000000000000i	0.00000000000000 + 0.00000000000000i	-0.00000000000000 + 17.0648464163823i
-0.00000000000000 + 17.3611111111111i	0.00000000000000 + 0.00000000000000i	0.00000000000000 + 0.00000000000000i	3.30737896202531 - 39.1418887261190i	-1.36518771331058 + 11.6040955631399i	-1.94219124871473 + 10.5106820518679i	0.00000000000000 + 0.00000000000000i	0.00000000000000 + 0.00000000000000i	0.00000000000000 + 0.00000000000000i
0.00000000000000 + 0.00000000000000i	0.00000000000000 + 0.00000000000000i	0.00000000000000 + 0.00000000000000i	-1.36518771331058 + 11.6040955631399i	2.55279209260173 - 17.0972300964485i	0.00000000000000 + 0.00000000000000i	-1.18760437929115 + 5.97513453330859i	0.00000000000000 + 0.00000000000000i	0.00000000000000 + 0.00000000000000i
0.00000000000000 + 0.00000000000000i	0.00000000000000 + 0.00000000000000i	0.00000000000000 + 0.00000000000000i	-1.94219124871473 + 10.5106820518679i	0.00000000000000 + 0.00000000000000i	3.22420038713884 - 15.5829270142295i	0.00000000000000 + 0.00000000000000i	0.00000000000000 + 0.00000000000000i	-1.28200913842411 + 5.58824496236153i
0.00000000000000 + 0.00000000000000i	-0.00000000000000 + 16.0000000000000i	0.00000000000000 + 0.00000000000000i	0.00000000000000 + 0.00000000000000i	-1.18760437929115 + 5.97513453330859i	0.00000000000000 + 0.00000000000000i	2.80472685253728 - 35.2181131302170i	-1.61712247324614 + 13.6979785969084i	0.00000000000000 + 0.00000000000000i
0.00000000000000 + 0.00000000000000i	0.00000000000000 + 0.00000000000000i	0.00000000000000 + 0.00000000000000i	0.00000000000000 + 0.00000000000000i	0.00000000000000 + 0.00000000000000i	0.00000000000000 + 0.00000000000000i	-1.61712247324614 + 13.6979785969084i	2.77220995413623 - 23.1242490232716i	-1.15508748089010 + 9.78427042636317i
0.00000000000000 + 0.00000000000000i	0.00000000000000 + 0.00000000000000i	-0.00000000000000 + 17.0648464163823i	0.00000000000000 + 0.00000000000000i	0.00000000000000 + 0.00000000000000i	-1.28200913842411 + 5.58824496236153i	0.00000000000000 + 0.00000000000000i	-1.15508748089010 + 9.78427042636317i	2.43709661931421 - 31.8703618051070i
